name: flask
channels:
  - anaconda
  - defaults
dependencies:
  - babel=2.8.0=py_0
  - certifi=2021.10.8=py37haa95532_2
  - click=7.1.2=py_0
  - console_shortcut=0.1.1=4
  - coverage=5.3=py37he774522_0
  - flask=1.1.2=py_0
  - flask-babel=0.12.2=py_1
  - flask-login=0.5.0=py_0
  - flask-sqlalchemy=2.4.4=py_0
  - flask-wtf=0.14.3=py_0
  - itsdangerous=1.1.0=py37_0
  - jinja2=2.11.2=py_0
  - m2-base=1.0.0=3
  - m2-bash=4.3.042=5
  - m2-bash-completion=2.3=2
  - m2-catgets=1.1=3
  - m2-coreutils=8.25=102
  - m2-dash=0.5.8=2
  - m2-file=5.25=2
  - m2-filesystem=2016.04=4
  - m2-findutils=4.6.0=2
  - m2-gawk=4.1.3=2
  - m2-gcc-libs=5.3.0=4
  - m2-gettext=0.19.7=4
  - m2-gmp=6.1.0=3
  - m2-grep=2.22=4
  - m2-gzip=1.7=2
  - m2-inetutils=1.9.2=2
  - m2-info=6.0=2
  - m2-less=481=2
  - m2-libasprintf=0.19.7=4
  - m2-libcatgets=1.1=3
  - m2-libcrypt=1.3=2
  - m2-libgettextpo=0.19.7=4
  - m2-libiconv=1.14=3
  - m2-libintl=0.19.7=4
  - m2-liblzma=5.2.2=2
  - m2-libpcre=8.38=2
  - m2-libreadline=6.3.008=8
  - m2-libutil-linux=2.26.2=2
  - m2-libxml2=2.9.2=3
  - m2-mintty=1!2.2.3=2
  - m2-mpfr=3.1.4=2
  - m2-msys2-launcher-git=0.3.28.860c495=2
  - m2-msys2-runtime=2.5.0.17080.65c939c=3
  - m2-ncurses=6.0.20160220=2
  - m2-sed=4.2.2=3
  - m2-tftp-hpa=5.2=2
  - m2-time=1.7=2
  - m2-ttyrec=1.0.8=2
  - m2-tzcode=2015.e=2
  - m2-util-linux=2.26.2=2
  - m2-which=2.21=3
  - m2-zlib=1.2.8=4
  - markupsafe=1.1.1=py37hfa6e2cd_1
  - msys2-conda-epoch=20160418=1
  - pip=20.2.4=py37_0
  - python=3.7.1=h33f27b4_4
  - pytz=2020.1=py_0
  - setuptools=50.3.0=py37h9490d1a_1
  - sqlalchemy=1.3.19=py37he774522_0
  - sqlite=3.36.0=h2bbff1b_0
  - vc=14.1=h0510ff6_4
  - vs2015_runtime=14.16.27012=hf0eaf9b_3
  - werkzeug=1.0.1=py_0
  - wheel=0.35.1=py_0
  - wincertstore=0.2=py37_0
  - wtforms=2.3.3=py_0
  - pip:
    - alembic==1.7.4
    - flask-migrate==3.1.0
    - importlib-metadata==4.8.1
    - importlib-resources==5.3.0
    - mako==1.1.5
    - typing-extensions==3.10.0.2
    - zipp==3.6.0
prefix: C:\Users\Tom Schofield\Anaconda3\envs\flask
